ticker,sector,fetched_at,market_cap,price,trailing_pe,ev_to_ebitda,return_on_equity,debt_to_equity,revenue_growth,net_margin,asset_turnover,total_debt,total_equity,fetch_ok,error,debt_to_equity_ratio
AARTIIND.NS,chemicals,2026-09-14T08:37:59.111405+00:00,178697306112,492.65,33.673958,17.167,,83.392,0.425,0.05901,1.3705483684627682,49659998208.0,59551200000.0,True,,0.83392
ABBOTINDIA.NS,pharma_healthcare,2026-09-14T08:36:56.060447+00:00,542707187712,25540.0,33.65663,27.137,,3.602,0.043,0.23052,1.4509058081056683,1719900032.0,47741900000.0,True,,0.036019999999999996
ABB.NS,capital_goods,2026-09-14T08:37:39.691679+00:00,1541421531136,7274.0,97.09023,76.209,0.19131,1.547,0.121,0.21349001,1.667347712286514,1445200000.0,78359900000.0,True,,0.01547
ACC.NS,cement,2026-09-14T08:35:33.363596+00:00,234170712064,1247.0,12.305112,9.625,,2.085,-0.038,0.07563,1.2187217464845206,4286099968.0,205505400000.0,True,,0.02085
ADANIENT.NS,infra_logistics_defense,2026-09-14T08:38:24.645793+00:00,4354298609664,3060.0,53.18964,33.476,,119.56,0.499,0.06546,1.238997132563782,1066217897984.0,809259500000.0,True,,1.1956
ADANIGREEN.NS,energy_power,2026-09-14T08:37:35.153130+00:00,2110526980096,1281.3,123.43931,27.373,,346.548,0.166,0.13095,0.6173804157275231,1035449991168.0,199650000000.0,True,,3.46548
ADANIPORTS.NS,infra_logistics_defense,2026-09-14T08:38:23.823447+00:00,4065566130176,1764.6,30.122908,19.993,,64.051,0.186,0.32431,0.4029716422211426,633989890048.0,961253000000.0,True,,0.64051
ADANIPOWER.NS,energy_power,2026-09-14T08:37:36.065524+00:00,4049207558144,209.97,28.41272,20.858,,82.332,0.34,0.24148001,0.8339199542694382,546702884864.0,649368800000.0,True,,0.8233199999999999
ALKEM.NS,pharma_healthcare,2026-09-14T08:36:55.148393+00:00,608286932992,5087.5,28.168428,20.279,,14.267,0.109,0.14306,1.0515365301264101,20471599104.0,138201000000.0,True,,0.14267
AMBUJACEM.NS,cement,2026-09-14T08:35:34.248985+00:00,973675626496,391.85,21.977005,17.547,,1.205,-0.077,0.11128,0.6734828127032526,8659300352.0,593473200000.0,True,,0.01205
APLAPOLLO.NS,metals_mining,2026-09-14T08:37:21.966688+00:00,597937356800,2153.5,48.545986,32.195,,9.396,0.085,0.052259997,4.226419939092198,4976500224.0,52965300000.0,True,,0.09396
APOLLOHOSP.NS,pharma_healthcare,2026-09-14T08:36:57.014658+00:00,1270481158144,8836.0,60.975777,36.322,,85.146,0.206,0.07906,2.6276727038744316,84929003520.0,94801000000.0,True,,0.85146
ARE&M.NS,auto,2026-09-14T08:36:45.239221+00:00,149339537408,815.95,16.195911,10.034,,5.015,0.239,0.06303,1.6989773995673518,4061600000.0,80989600000.0,True,,0.05015
ASHOKLEY.NS,auto,2026-09-14T08:36:39.190738+00:00,961843691520,163.75,27.613829,11.898,,344.737,0.116,0.06021,3.9374561586440935,639357026304.0,142416900000.0,True,,3.4473700000000003
ASTRAL.NS,capital_goods,2026-09-14T08:37:51.830959+00:00,379172880384,1411.4,65.79953,34.556,,6.168,0.159,0.084809996,1.6150225486088863,2503000064.0,40579000000.0,True,,0.06168
AUBANK.NS,banking,2026-09-14T08:36:09.632259+00:00,793556484096,1058.9,28.087534,,,,0.298,0.21372999,0.6056505808039263,138715447296.0,199735220000.0,True,,
AUROPHARMA.NS,pharma_healthcare,2026-09-14T08:36:52.453268+00:00,966519881728,1679.8,26.246876,13.537,,21.31,0.163,0.10627,0.8810737756251688,80728399872.0,378909700000.0,True,,0.21309999999999998
AXISBANK.NS,banking,2026-09-14T08:36:00.925115+00:00,3879329071104,1246.0,14.025214,,0.13352999,,0.14,0.36031,0.40954805802859856,2852579704832.0,2150353500000.0,True,,
BAJAJ-AUTO.NS,auto,2026-09-14T08:36:37.565846+00:00,3206518669312,11678.0,27.777645,20.364,,56.352,0.64,0.16251,1.5550691581863303,226649604096.0,388319900000.0,True,,0.56352
BAJAJFINSV.NS,nbfc_financial_services,2026-09-14T08:36:15.537355+00:00,3062068412416,1913.5,30.30087,12.28,,256.404,0.193,0.06471,1.7602195570125265,3614400839680.0,779150700000.0,True,,2.56404
BAJAJHLDNG.NS,nbfc_financial_services,2026-09-14T08:36:23.493212+00:00,1239141974016,11134.0,13.986032,132.917,0.11598,0.012,0.242,,0.11933165806750952,96200000.0,731505800000.0,True,,0.00012
BAJFINANCE.NS,nbfc_financial_services,2026-09-14T08:36:14.682024+00:00,6435534536704,1034.5,31.772112,,,314.833,0.261,0.43495,0.43566558730066274,3683091742720.0,1139990200000.0,True,,3.14833
BANDHANBNK.NS,banking,2026-09-14T08:36:04.436722+00:00,284399730688,176.52,21.06444,,,,0.216,0.13617,0.530364785165566,143028125696.0,255748969000.0,True,,
BANKBARODA.NS,banking,2026-09-14T08:36:07.030803+00:00,1231456567296,238.13,6.7804675,,0.113170005,,0.18,0.27392,0.4513840264406158,1732858085376.0,1658680884000.0,True,,
BANKINDIA.NS,banking,2026-09-14T08:36:11.319350+00:00,637373448192,140.0,5.183265,,0.13697,,0.185,0.34992,0.36236908183711025,1153757478912.0,899585454000.0,True,,
BATAINDIA.NS,consumer_durables_retail,2026-09-14T08:38:09.923944+00:00,83536470016,649.95,57.264317,19.834,,86.9,0.039,0.041149996,2.2022788933811066,13865700352.0,15955990000.0,True,,0.8690000000000001
BEL.NS,capital_goods,2026-09-14T08:37:41.497648+00:00,2955709251584,404.35,48.07967,35.06,,0.273,0.249,0.21403,1.1170636864372687,654600000.0,239883100000.0,True,,0.0027300000000000002
BHARATFORG.NS,auto,2026-09-14T08:36:40.082258+00:00,929834598400,1944.9,131.59,34.376,,76.475,0.187,0.040260002,1.6935362177238868,73086148608.0,95798400000.0,True,,0.7647499999999999
BHARTIARTL.NS,telecom_media,2026-09-14T08:38:19.327386+00:00,11423606374400,1831.1,38.315544,11.539,0.20151,100.415,0.184,0.1314,1.415387175073093,2014801952768.0,1490566000000.0,True,,1.00415
BHEL.NS,capital_goods,2026-09-14T08:37:42.393975+00:00,1500769288192,431.0,61.747852,51.378,,31.312,0.403,0.06758,1.2376300407586298,81869496320.0,261466100000.0,True,,0.31312
BIOCON.NS,pharma_healthcare,2026-09-14T08:36:53.316231+00:00,636092940288,390.65,113.56104,21.603,,42.145,0.1,0.0286,0.4930653095046398,154340999168.0,340318000000.0,True,,0.42145000000000005
BLUESTARCO.NS,consumer_durables_retail,2026-09-14T08:38:16.795650+00:00,320313851904,1558.0,62.898666,38.395,,23.588,0.133,0.03979,3.569963743798837,8099899904.0,34314130000.0,True,,0.23588
BOSCHLTD.NS,auto,2026-09-14T08:36:41.896391+00:00,1427168821248,48385.0,60.488056,48.75,,0.8,0.22,0.11328,1.3199350631854068,1188000000.0,148452000000.0,True,,0.008
BPCL.NS,energy_power,2026-09-14T08:37:30.080214+00:00,1301002059776,304.5,7.5935163,5.594,,54.332,0.344,0.034679998,4.495372878137683,544244203520.0,1001702600000.0,True,,0.54332
BRITANNIA.NS,fmcg,2026-09-14T08:37:06.806323+00:00,1195188420608,4962.0,45.87224,32.821,,26.875,0.082,0.13376,3.6929381031457575,13802800128.0,51065600000.0,True,,0.26875
CANBK.NS,banking,2026-09-14T08:36:07.908910+00:00,1124760813568,124.0,5.662101,,,,-0.129,0.43126,0.5452230950954664,1552876830720.0,1177046427000.0,True,,
CARBORUNIV.NS,capital_goods,2026-09-14T08:37:53.643569+00:00,205079035904,1076.5,97.24481,33.882,,10.292,0.194,0.03849,1.3204153933179514,4125339904.0,38998220000.0,True,,0.10292
CENTRALBK.NS,banking,2026-09-14T08:36:12.148022+00:00,278964174848,30.82,6.1150794,,0.115600005,,-0.032,0.27839002,0.5297484240967019,288185712640.0,390011399000.0,True,,
CHAMBLFERT.NS,chemicals,2026-09-14T08:38:02.568112+00:00,168033566720,419.4,8.715711,6.053,,10.274,-0.118,0.09581,1.9978103276822046,10675000320.0,104079500000.0,True,,0.10274
CHOLAFIN.NS,nbfc_financial_services,2026-09-14T08:36:16.480698+00:00,1576520384512,1845.9,27.24978,,,695.283,0.346,0.40549,0.5500075512830614,2117722046464.0,304584000000.0,True,,6.9528300000000005
CIPLA.NS,pharma_healthcare,2026-09-14T08:36:49.782928+00:00,1103534620672,1366.0,32.789246,19.493,,1.778,0.035,0.12009,0.8048248792182842,6137699840.0,344319500000.0,True,,0.01778
COALINDIA.NS,metals_mining,2026-09-14T08:37:18.429027+00:00,2627787292672,426.4,8.431876,5.415,,11.629,0.451,0.18138,1.3972722103723914,140721799168.0,1191015600000.0,True,,0.11628999999999999
COCHINSHIP.NS,infra_logistics_defense,2026-09-14T08:38:33.606188+00:00,363314577408,1381.0,53.485672,45.694,,28.466,0.024,0.13479,0.8130064529144845,16717533184.0,58727572000.0,True,,0.28466
COFORGE.NS,it,2026-09-14T08:35:53.148165+00:00,817959010304,1846.5,37.876923,21.508,,7.518,0.499,0.0964,1.7185245764133534,7278000128.0,95376000000.0,True,,0.07518
COLPAL.NS,fmcg,2026-09-14T08:37:10.427684+00:00,488866971648,1797.4,36.2306,25.27,,2.993,0.118,0.21722999,3.777244004519888,474100000.0,15841100000.0,True,,0.02993
CONCOR.NS,infra_logistics_defense,2026-09-14T08:38:26.342556+00:00,380237742080,499.25,30.572565,17.505,,7.39,0.003,0.13670999,0.6485522335588204,9645700096.0,129423500000.0,True,,0.0739
COROMANDEL.NS,chemicals,2026-09-14T08:38:01.706488+00:00,569907544064,1934.9,31.152794,17.273,,11.469,0.159,0.05619,1.6103987214412612,15061900288.0,125578900000.0,True,,0.11469
CROMPTON.NS,capital_goods,2026-09-14T08:37:50.059399+00:00,148744339456,231.0,,18.382,,5.797,0.118,-0.02688,2.71590870781782,1991699968.0,29663000000.0,True,,0.057969999999999994
CUMMINSIND.NS,capital_goods,2026-09-14T08:37:43.326841+00:00,1405404053504,5070.0,59.521015,49.601,,0.431,0.179,0.18694,1.40997102119606,365100000.0,84751600000.0,True,,0.00431
CYIENT.NS,it,2026-09-14T08:35:56.590429+00:00,110868250624,1065.0,31.314322,13.06,,7.528,0.213,0.04955,1.2791847797391718,4640000000.0,56819000000.0,True,,0.07528
DABUR.NS,fmcg,2026-09-14T08:37:07.639995+00:00,667007844352,376.0,33.90442,25.353,,10.907,0.106,0.14551,1.1420795269853725,12873199616.0,114195200000.0,True,,0.10907
DALBHARAT.NS,cement,2026-09-14T08:35:39.632417+00:00,329276325888,1754.0,35.115116,12.27,,40.987,0.07,0.062030002,0.8234050837087713,74280001536.0,179790000000.0,True,,0.40987
DEEPAKNTR.NS,chemicals,2026-09-14T08:37:58.217334+00:00,217683296256,1596.0,27.76618,17.17,,27.903,0.364,0.091359995,1.32970293806741,16377199616.0,58368300000.0,True,,0.27903
DIVISLAB.NS,pharma_healthcare,2026-09-14T08:36:50.700367+00:00,2474698080256,9322.0,84.74545,61.592,,0.042,0.278,0.26046,0.6250223733667443,70000000.0,167610000000.0,True,,0.00042
DIXON.NS,consumer_durables_retail,2026-09-14T08:38:13.394250+00:00,816265428992,13425.0,43.66848,40.476,,18.457,0.211,0.03639,10.378621968195318,9942200320.0,46766700000.0,True,,0.18457
DLF.NS,realty,2026-09-14T08:38:34.526761+00:00,1595338391552,644.5,35.845387,123.012,0.10102,0.673,-0.529,0.65791,0.17235708981401002,3058931968.0,454733699000.0,True,,0.006730000000000001
DMART.NS,consumer_durables_retail,2026-09-14T08:38:07.805086+00:00,2405483151360,3688.0,78.702515,44.659,,9.913,0.149,0.042919997,2.8075698044967226,24249899008.0,244640400000.0,True,,0.09913
DRREDDY.NS,pharma_healthcare,2026-09-14T08:36:48.865215+00:00,970848206848,1165.5,29.32813,17.645,0.088369995,18.605,-0.056,0.09996,0.8909200849725377,71951998976.0,377063000000.0,True,,0.18605
EICHERMOT.NS,auto,2026-09-14T08:36:35.759373+00:00,2067148308480,7530.0,35.84178,34.844,,2.048,0.315,0.23211999,0.9154355651261048,5139500032.0,251001500000.0,True,,0.02048
EMAMILTD.NS,fmcg,2026-09-14T08:37:13.999347+00:00,159016943616,364.3,21.266785,15.713,,5.541,0.149,0.19117,1.2808902714509656,1619223040.0,29239756000.0,True,,0.05541
ENDURANCE.NS,auto,2026-09-14T08:36:43.587756+00:00,379086372864,2695.0,39.097633,18.558,,19.393,0.3,0.0622,2.096217997257639,13266599936.0,68408200000.0,True,,0.19393000000000002
EXIDEIND.NS,auto,2026-09-14T08:36:44.405521+00:00,350922506240,412.85,37.600185,18.357,,11.308,0.177,0.04948,1.2878952308007638,15754000384.0,139048500000.0,True,,0.11308
FEDERALBNK.NS,banking,2026-09-14T08:36:03.544641+00:00,850940329984,344.5,18.412615,,,,0.214,0.30721,0.4067959178616151,331932499968.0,400430031000.0,True,,
FORTIS.NS,pharma_healthcare,2026-09-14T08:36:57.895717+00:00,670251810816,887.8,64.10108,34.831,,34.15,0.175,0.11023,0.914358594105076,34725834752.0,98955475000.0,True,,0.34149999999999997
GAIL.NS,energy_power,2026-09-14T08:37:31.801335+00:00,1141565292544,173.62,11.543882,9.047,,27.809,0.167,0.06698,1.590099450194049,248314904576.0,890496000000.0,True,,0.27809
GHCL.NS,chemicals,2026-09-14T08:38:06.135396+00:00,38677786624,421.95,7.5267572,3.956,,2.345,-0.027,0.17052999,0.8614242437892745,833000000.0,35519200000.0,True,,0.023450000000000002
GICRE.NS,insurance,2026-09-14T08:36:31.366020+00:00,614040010752,350.0,6.918363,,0.091079995,,-0.008,0.16819,0.7777012242479585,0.0,704808200000.0,True,,
GILLETTE.NS,consumer_durables_retail,2026-09-14T08:38:18.439907+00:00,238035009536,7305.0,35.576878,24.49,,0.002,0.108,0.21035999,3.269158839005526,200000.0,9464300000.0,True,,2e-05
GLAND.NS,pharma_healthcare,2026-09-14T08:37:00.623267+00:00,484325588992,2935.9,42.93507,26.199,,2.738,0.196,0.16784,0.6181630534999686,2835899904.0,103579500000.0,True,,0.02738
GLENMARK.NS,pharma_healthcare,2026-09-14T08:37:02.439387+00:00,682757914624,2419.2,38.02578,14.011,,5.646,0.231,0.10137,1.5897288545999666,5935269888.0,105121090000.0,True,,0.056459999999999996
GMRAIRPORT.NS,infra_logistics_defense,2026-09-14T08:38:25.537312+00:00,1034568531968,97.98,244.95001,22.312,,,0.237,0.030720001,-4.857219813858345,432825204736.0,-27473700000.0,True,,
GNFC.NS,chemicals,2026-09-14T08:38:03.428276+00:00,82911281152,564.25,7.994474,5.212,,0.066,0.398,0.12331,0.8481865455502896,60000000.0,91152000000.0,True,,0.00066
GODREJCP.NS,fmcg,2026-09-14T08:37:08.553059+00:00,885158772736,865.0,46.30621,27.917,,34.899,0.154,0.12086,1.1938491046975706,44158099456.0,126482400000.0,True,,0.34899
GODREJPROP.NS,realty,2026-09-14T08:38:35.448872+00:00,526543912960,1748.0,32.89424,-123.319,,82.119,0.165,0.30754998,0.26235804367822574,158940905472.0,191555400000.0,True,,0.82119
GRINDWELL.NS,capital_goods,2026-09-14T08:37:52.746356+00:00,213689597952,1930.0,48.87313,33.231,,2.381,0.142,0.13763,1.2073601475932072,607126976.0,25347508000.0,True,,0.023809999999999998
HAL.NS,capital_goods,2026-09-14T08:37:40.622147+00:00,3280341303296,4905.0,35.211773,35.247,,0.16,0.144,0.27591,0.7746313940750155,658200000.0,410411200000.0,True,,0.0016
HAVELLS.NS,capital_goods,2026-09-14T08:37:49.167658+00:00,697220988928,1111.0,42.73077,32.777,,2.801,0.195,0.06923,2.3571668039769573,2652000000.0,94554700000.0,True,,0.02801
HCLTECH.NS,it,2026-09-14T08:35:43.307210+00:00,3263425150976,1206.1,18.760303,,0.24067,7.058,0.03,0.12966,1.731444156189716,548000000.0,751650000000.0,True,,0.07058
HDFCBANK.NS,banking,2026-09-14T08:35:58.396320+00:00,10914841493504,708.25,15.480874,,0.13838,,0.166,0.26787,0.2357750125388808,5658713784320.0,8167395600000.0,True,,
HDFCLIFE.NS,insurance,2026-09-14T08:36:27.091280+00:00,1151186108416,530.0,57.797165,47.337,0.10828,15.885,0.143,0.019,5.161047553908439,30990000128.0,177495400000.0,True,,0.15885
HEIDELBERG.NS,cement,2026-09-14T08:35:38.773482+00:00,34085347328,150.4,29.375,11.345,,1.037,0.051,0.04927,1.6874366731056603,142300000.0,13718500000.0,True,,0.010369999999999999
HEROMOTOCO.NS,auto,2026-09-14T08:36:36.660335+00:00,1045037252608,5221.5,19.202337,12.962,,3.57,0.349,0.10724,2.1770383768779045,7786100224.0,216111900000.0,True,,0.035699999999999996
HINDALCO.NS,metals_mining,2026-09-14T08:37:16.623648+00:00,2178770141184,981.5,13.315697,7.101,,72.598,0.321,0.05549,1.9961635049749968,991649988608.0,1365830000000.0,True,,0.72598
HINDCOPPER.NS,metals_mining,2026-09-14T08:37:23.915725+00:00,498017370112,515.0,43.904522,27.968,,3.319,0.814,0.32494,0.9167351895315214,1109200000.0,33421934000.0,True,,0.03319
HINDUNILVR.NS,fmcg,2026-09-14T08:37:04.175935+00:00,4527662563328,1927.0,42.736748,30.141,,3.016,0.05,0.22644,1.3082810127621158,14780000256.0,487380000000.0,True,,0.03016
HINDZINC.NS,metals_mining,2026-09-14T08:37:25.612771+00:00,2435685023744,576.45,14.265034,9.076,,39.034,0.717,0.38068,1.731936895134562,88330002432.0,226290000000.0,True,,0.39033999999999996
HUDCO.NS,nbfc_financial_services,2026-09-14T08:36:22.641899+00:00,345027477504,172.35,8.110588,,,645.775,0.098,0.90679,0.1561195278189727,1419120214016.0,219754700000.0,True,,6.45775
ICICIBANK.NS,banking,2026-09-14T08:35:59.224703+00:00,9900202655744,1379.3,17.82502,,0.16073999,,0.114,0.27531,0.6153441918730223,2263177232384.0,3630604157000.0,True,,
ICICIGI.NS,insurance,2026-09-14T08:36:29.691669+00:00,729320194048,1459.8,30.211094,22.27,0.1463,,0.109,0.08764,1.69177624716768,0.0,166338900000.0,True,,
ICICIPRULI.NS,insurance,2026-09-14T08:36:28.706034+00:00,684043730944,471.5,40.472103,38.938,0.12571,18.052,0.125,0.02555,4.56354998400723,25949999104.0,136311600000.0,True,,0.18051999999999999
IDEA.NS,telecom_media,2026-09-14T08:38:20.238430+00:00,1621895282688,14.97,4.289398,28.562,,,0.061,0.82278,-1.2525588679456345,1925280038912.0,-357580000000.0,True,,
IDFCFIRSTB.NS,banking,2026-09-14T08:36:05.333166+00:00,743319601152,86.21,33.285713,,,,-0.011,0.32775003,0.621168003162615,,474038100000.0,True,,
INDIGO.NS,infra_logistics_defense,2026-09-14T08:38:28.121739+00:00,1922892955648,4973.0,,16.418,,866.462,0.062,0.03793,11.864540746797493,748138004480.0,69711000000.0,True,,8.66462
INDUSINDBK.NS,banking,2026-09-14T08:36:02.592446+00:00,762159366144,978.2,57.575047,,,,0.01,0.076469995,0.38223821639050476,427891884032.0,657396276000.0,True,,
INDUSTOWER.NS,telecom_media,2026-09-14T08:38:21.039759+00:00,1023234539520,388.0,14.306785,7.747,0.18912001,51.79,0.046,0.21776,0.8195890590633008,214324002816.0,396456000000.0,True,,0.5179
INFY.NS,it,2026-09-14T08:35:40.507197+00:00,4202995384320,1037.7,13.476623,,0.32,9.541,0.029,0.16370001,2.0598814633149396,923000000.0,9786000000.0,True,,0.09541000000000001
IOB.NS,banking,2026-09-14T08:36:12.997378+00:00,637585719296,33.11,11.110739,,0.16525999,,0.481,0.36560002,0.49792088504485627,472398987264.0,369906675000.0,True,,
IOC.NS,energy_power,2026-09-14T08:37:30.977622+00:00,1907920601088,135.11,5.528232,4.597,,58.446,0.385,0.0392,3.5258744420787056,1318223872000.0,2195179700000.0,True,,0.58446
IPCALAB.NS,pharma_healthcare,2026-09-14T08:37:03.359349+00:00,498325815296,1964.2,38.088036,22.621,,8.492,0.208,0.12935,1.1858587937959848,8087600128.0,80638100000.0,True,,0.08492000000000001
IRCON.NS,infra_logistics_defense,2026-09-14T08:38:30.084569+00:00,106607452160,113.35,17.252663,14.424,,85.833,0.095,0.05667,1.3353457937167854,57256300544.0,66386400000.0,True,,0.85833
IRCTC.NS,infra_logistics_defense,2026-09-14T08:38:27.214550+00:00,370960007168,463.7,26.634119,20.605,,1.874,0.181,0.25677,1.2102409750548278,807259008.0,43085331000.0,True,,0.01874
IRFC.NS,nbfc_financial_services,2026-09-14T08:36:21.771330+00:00,1059725115392,81.09,14.770492,,,773.347,0.103,0.97271,0.4771076936306626,4388650483712.0,567487600000.0,True,,7.73347
ITC.NS,fmcg,2026-09-14T08:37:05.054081+00:00,3255863869440,259.85,16.394321,11.924,,3.293,-0.111,0.25937998,1.0786952486163461,23993600000.0,725073000000.0,True,,0.03293
JINDALSTEL.NS,metals_mining,2026-09-14T08:37:21.099713+00:00,1140095451136,1120.5,42.013496,14.249,,43.613,0.259,0.04818,0.8558415101620054,226095497216.0,508989100000.0,True,,0.43613
JKCEMENT.NS,cement,2026-09-14T08:35:37.059165+00:00,374441934848,4846.0,39.54627,18.356,,87.522,0.28,0.06559,1.9028697289424137,62055698432.0,70372500000.0,True,,0.8752200000000001
JSL.NS,metals_mining,2026-09-14T08:37:27.302380+00:00,622617690112,755.65,19.183804,6.959,,37.523,0.105,0.07379,2.164522136842999,74603298816.0,197914400000.0,True,,0.37523
JSWSTEEL.NS,metals_mining,2026-09-14T08:37:15.786013+00:00,3087837429760,1265.0,12.483963,10.554,,95.374,0.098,0.13065,1.8194057149710654,1005959970816.0,1000530000000.0,True,,0.9537399999999999
JUBLFOOD.NS,consumer_durables_retail,2026-09-14T08:38:11.603458+00:00,309271461888,470.25,82.64499,21.68,,2.655,0.203,0.04415,3.8935550228066464,146060000.0,22920950000.0,True,,0.026549999999999997
KAJARIACER.NS,consumer_durables_retail,2026-09-14T08:38:15.162699+00:00,193097400320,1228.8,35.783344,20.158,,7.302,0.204,0.107980005,1.5738065879866125,2285900032.0,30655800000.0,True,,0.07302
KEI.NS,capital_goods,2026-09-14T08:37:48.322849+00:00,437659500544,4578.0,43.85898,31.102,,3.796,0.23,0.08076,1.7364879665977888,2530240000.0,66649480000.0,True,,0.03796
KOTAKBANK.NS,banking,2026-09-14T08:36:01.785312+00:00,4168067842048,419.0,20.529152,,,,0.21,0.28467,0.4181992897792166,1115291254784.0,1812258709000.0,True,,
KPITTECH.NS,it,2026-09-14T08:35:57.488344+00:00,150745825280,553.75,26.046566,10.809,,23.624,0.089,0.08839,1.822957192949161,8383869952.0,35409120000.0,True,,0.23623999999999998
LALPATHLAB.NS,pharma_healthcare,2026-09-14T08:36:58.788132+00:00,317314170880,1897.0,58.459167,38.962,,7.83,0.191,0.18745,1.1015198918401252,1989939968.0,25081390000.0,True,,0.0783
LAURUSLABS.NS,pharma_healthcare,2026-09-14T08:37:01.459625+00:00,1063874723840,1969.0,97.09073,53.323,,46.369,0.291,0.1504,1.2681422474462554,25184800768.0,53000600000.0,True,,0.46369
LICHSGFIN.NS,nbfc_financial_services,2026-09-14T08:36:18.186484+00:00,309630468096,562.9,5.3964148,,,642.522,0.145,0.65177,0.20637636704022214,2662161973248.0,414289200000.0,True,,6.42522
LICI.NS,insurance,2026-09-14T08:36:30.582680+00:00,2555931525120,404.1,8.510952,6.477,,0.431,0.068,0.06515,5.485817586263247,7619200000.0,1766053400000.0,True,,0.00431
LTTS.NS,it,2026-09-14T08:35:54.758203+00:00,355389014016,3350.0,27.805445,17.611,,8.911,0.026,0.11684,1.6988119331963478,5784999936.0,64727000000.0,True,,0.08911
LT.NS,capital_goods,2026-09-14T08:37:37.914680+00:00,5408116703232,3930.7,32.573963,17.518,,97.64,0.081,0.05588,2.6006561454042374,1254965903360.0,1092898000000.0,True,,0.9764
LUPIN.NS,pharma_healthcare,2026-09-14T08:36:51.564296+00:00,957971955712,2095.0,17.361399,10.94,,29.388,0.32,0.18450001,1.2244836684519564,66161799168.0,224482700000.0,True,,0.29388000000000003
M&M.NS,auto,2026-09-14T08:36:34.882399+00:00,3730768396288,3107.0,18.903625,11.245,,125.278,0.275,0.08609,2.0741731550162816,1371686043648.0,930963500000.0,True,,1.25278
MANAPPURAM.NS,nbfc_financial_services,2026-09-14T08:36:25.329726+00:00,309041594368,329.0,20.122324,,,360.191,0.801,0.30516002,0.3435240777980281,578366144512.0,160507410000.0,True,,3.6019099999999997
MARICO.NS,fmcg,2026-09-14T08:37:09.489405+00:00,1041107386368,802.1,55.241043,42.446,,12.394,0.214,0.13159999,3.2180522565320664,5569999872.0,42100000000.0,True,,0.12394
MARUTI.NS,auto,2026-09-14T08:36:32.357063+00:00,3898591674368,12400.0,27.173912,17.556,,0.096,0.359,0.07269,1.6526709115562968,1025000000.0,1071563000000.0,True,,0.00096
MAZDOCK.NS,infra_logistics_defense,2026-09-14T08:38:32.742953+00:00,943505801216,2339.0,35.209995,34.052,,4.481,0.121,0.20120001,1.3299056472247737,4473699840.0,97548800000.0,True,,0.044809999999999996
METROPOLIS.NS,pharma_healthcare,2026-09-14T08:36:59.698272+00:00,120945614848,583.0,59.611454,38.132,,15.212,0.166,0.117910005,1.0876875197517037,2319110912.0,15131606000.0,True,,0.15212
MOTHERSON.NS,auto,2026-09-14T08:36:41.042685+00:00,1731860889600,164.45,39.53125,16.196,,43.908,0.166,0.033570003,3.050857011781472,191696994304.0,409796000000.0,True,,0.43908
MPHASIS.NS,it,2026-09-14T08:35:53.928478+00:00,437925150720,2295.0,22.93624,15.269,0.17743999,24.675,0.175,0.115559995,1.4780410159914934,27977879552.0,107437120000.0,True,,0.24675
MRF.NS,auto,2026-09-14T08:36:42.710789+00:00,546089566208,128760.0,22.554216,11.054,,15.288,0.096,0.075840004,1.4747231884721301,32066600960.0,209745600000.0,True,,0.15288000000000002
MUTHOOTFIN.NS,nbfc_financial_services,2026-09-14T08:36:17.316039+00:00,1120940195840,2792.1,9.852153,,0.31735,393.56,0.353,0.55502,0.5178831808535147,1624182226944.0,391303150000.0,True,,3.9356
NATIONALUM.NS,metals_mining,2026-09-14T08:37:22.965231+00:00,663024107520,361.0,9.82313,6.286,,0.277,0.393,0.34908,0.8206567297931698,598300032.0,216037100000.0,True,,0.0027700000000000003
NAVINFLUOR.NS,chemicals,2026-09-14T08:37:59.891056+00:00,438427811840,8545.0,55.257374,35.636,,32.091,0.441,0.21733,0.8207735156922241,12754799616.0,39745800000.0,True,,0.32091000000000003
NBCC.NS,infra_logistics_defense,2026-09-14T08:38:31.017725+00:00,223829999616,82.9,30.145454,14.977,,0.008,-0.059,0.05691,4.178649846387252,2579000.0,30172626000.0,True,,8e-05
NCC.NS,infra_logistics_defense,2026-09-14T08:38:31.866365+00:00,88463581184,140.9,12.636771,6.757,,57.389,0.122,0.03261,2.63910305695169,46078599168.0,78689500000.0,True,,0.57389
NESTLEIND.NS,fmcg,2026-09-14T08:37:05.954427+00:00,2667437359104,1383.3,69.93428,47.442,,8.621,0.252,0.15623,,4445599744.0,,True,,0.08621000000000001
NMDC.NS,metals_mining,2026-09-14T08:37:19.296743+00:00,724445757440,82.4,9.716982,7.265,,18.802,0.008,0.23216999,0.9414828639144768,64068100096.0,340623300000.0,True,,0.18802
NTPC.NS,energy_power,2026-09-14T08:37:32.590155+00:00,3232868597760,333.4,10.195718,7.377,,118.127,0.08,0.14531,0.905695401422818,1234561925120.0,2031756700000.0,True,,1.18127
OBEROIRLTY.NS,realty,2026-09-14T08:38:36.337413+00:00,633067864064,1741.1,24.094934,17.57,,15.765,0.317,0.41592997,0.33529671204836353,28253941760.0,179216231000.0,True,,0.15765
ONGC.NS,energy_power,2026-09-14T08:37:29.180571+00:00,2924914933760,232.5,6.7196536,4.476,,42.548,0.257,0.06181,1.6281035262884995,1743164932096.0,3717677950000.0,True,,0.42548
PAGEIND.NS,consumer_durables_retail,2026-09-14T08:38:10.807234+00:00,394456760320,35365.0,52.08318,35.623,,18.422,0.079,0.14126,3.4788097156992652,2768120064.0,15025990000.0,True,,0.18422
PERSISTENT.NS,it,2026-09-14T08:35:52.293331+00:00,861770416128,5516.0,45.250206,30.435,0.25203,6.94,0.291,0.12236,1.8816945452550475,5841339904.0,78378550000.0,True,,0.0694
PFC.NS,nbfc_financial_services,2026-09-14T08:36:20.085967+00:00,1166421000192,353.45,4.4780188,,,536.837,0.008,0.54484004,0.3251512446020629,10044551725056.0,1328609400000.0,True,,5.36837
PGHH.NS,consumer_durables_retail,2026-09-14T08:38:17.659426+00:00,244104740864,7520.0,30.872814,22.206,,0.115,-0.049,0.18628,5.682495653443402,8700000.0,7534700000.0,True,,0.00115
PHOENIXLTD.NS,realty,2026-09-14T08:38:38.174455+00:00,676011180032,1890.0,52.911533,27.7,,37.211,0.128,0.28164,0.39272404318155973,53230125056.0,109885424000.0,True,,0.37211
PIDILITIND.NS,chemicals,2026-09-14T08:38:04.327372+00:00,1594915684352,1566.9,60.242214,42.192,,3.776,0.213,0.17202,1.3433374845483408,4172100096.0,108321700000.0,True,,0.037759999999999995
PIIND.NS,chemicals,2026-09-14T08:37:57.298235+00:00,342704193536,2259.0,29.410234,20.98,,3.048,-0.104,0.17879999,0.5939094430345933,3423000064.0,112305000000.0,True,,0.03048
PNB.NS,banking,2026-09-14T08:36:06.142461+00:00,1341801103360,116.75,6.074402,,0.14965999,,0.152,0.38147,0.41754379577764467,63164899328.0,1499722200000.0,True,,
POLYCAB.NS,capital_goods,2026-09-14T08:37:45.129009+00:00,1241383436288,8241.0,43.47895,27.638,0.25549,1.738,0.39,0.09184,2.3541099294370955,2125680000.0,120085760000.0,True,,0.01738
POONAWALLA.NS,nbfc_financial_services,2026-09-14T08:36:26.223160+00:00,388884889600,444.0,46.589718,,,468.058,1.003,0.22666,0.6272241898310326,484357996544.0,103481500000.0,True,,4.68058
POWERGRID.NS,energy_power,2026-09-14T08:37:33.449742+00:00,2502792577024,269.1,13.178257,9.97,,150.813,0.027,0.33797002,0.4454536254541688,1515580948480.0,1004940300000.0,True,,1.50813
PRESTIGE.NS,realty,2026-09-14T08:38:37.237762+00:00,645233901568,1498.0,56.506977,24.537,0.07752,105.493,0.159,0.08725,0.7709013144553214,176593993728.0,162729000000.0,True,,1.05493
PVRINOX.NS,telecom_media,2026-09-14T08:38:21.906677+00:00,120992169984,1232.1,43.307556,7.57,,91.874,0.104,0.0652,0.8949815008063751,67790999552.0,73787000000.0,True,,0.91874
RAMCOCEM.NS,cement,2026-09-14T08:35:37.912393+00:00,204392906752,865.0,31.684982,18.0,,47.897,0.096,0.06988,1.1054746333790901,38767398912.0,80935100000.0,True,,0.47897
RATNAMANI.NS,metals_mining,2026-09-14T08:37:24.719135+00:00,198150078464,2827.0,45.91522,25.04,,7.549,-0.085,0.099379994,1.0745527693803665,3176250880.0,41106253000.0,True,,0.07549
RBLBANK.NS,banking,2026-09-14T08:36:10.463666+00:00,639497076736,412.55,34.010715,,,,0.408,0.09082,0.6275438940062241,152253202432.0,167242424000.0,True,,
RECLTD.NS,nbfc_financial_services,2026-09-14T08:36:20.955967+00:00,823409180672,312.7,5.146478,,,607.463,0.252,0.6889,0.2567092053192774,5166743420928.0,850544100000.0,True,,6.07463
RELAXO.NS,consumer_durables_retail,2026-09-14T08:38:14.259336+00:00,80705896448,324.2,43.57527,20.43,,10.545,0.077,0.06732,1.2192978480393046,2326500096.0,22063600000.0,True,,0.10545
RELIANCE.NS,energy_power,2026-09-14T08:37:28.281249+00:00,17017084051456,1257.5,22.780796,11.202,,36.653,0.297,0.066149995,1.1694512350253863,3979999969280.0,9040300000000.0,True,,0.36652999999999997
RVNL.NS,infra_logistics_defense,2026-09-14T08:38:29.099679+00:00,427220631552,204.9,47.651157,52.099,,49.078,0.106,0.0432,2.0782378861801862,48184901632.0,98218400000.0,True,,0.49078000000000005
SAIL.NS,metals_mining,2026-09-14T08:37:20.270060+00:00,739363979264,179.0,17.294685,7.8,,52.899,0.013,0.03844,1.8223082821425187,319277105152.0,603558800000.0,True,,0.52899
SBICARD.NS,nbfc_financial_services,2026-09-14T08:36:24.307886+00:00,623516581888,655.2,27.402761,,,280.206,0.234,0.18199,0.9937318368255381,440637292544.0,157255000000.0,True,,2.80206
SBILIFE.NS,insurance,2026-09-14T08:36:27.943951+00:00,1690342916096,1684.7,64.94603,56.83,0.13703,,0.188,0.021389998,5.788439694016557,0.0,190860000000.0,True,,
SBIN.NS,banking,2026-09-14T08:36:00.104949+00:00,9190925926400,995.7,10.649198,,0.15177,,0.103,0.22376,0.6403110400643849,8203340349440.0,5961308694000.0,True,,
SHREECEM.NS,cement,2026-09-14T08:35:36.001323+00:00,814342471680,22570.0,50.0,28.503,,38.149,0.052,0.1453,0.8848309210302941,33939900416.0,232675300000.0,True,,0.38149
SHRIRAMFIN.NS,nbfc_financial_services,2026-09-14T08:36:19.149411+00:00,2420341997568,1028.6,18.147493,,0.18495001,276.215,0.428,0.50009996,0.379775568621841,1820772663296.0,659185900000.0,True,,2.7621499999999997
SIEMENS.NS,capital_goods,2026-09-14T08:37:38.856003+00:00,1409168834560,3957.0,83.340355,75.716,,2.213,0.148,0.19017,1.3127249085246,3065999872.0,132276000000.0,True,,0.02213
SKFINDIA.NS,capital_goods,2026-09-14T08:37:55.461943+00:00,75516493824,1527.5,35.966564,18.555,,0.219,-0.542,0.068330005,2.7372328662017917,29100000.0,13293900000.0,True,,0.00219
SOBHA.NS,realty,2026-09-14T08:38:39.022207+00:00,130462285824,1219.8,56.629528,35.635,,24.62,0.5,0.04106,1.0915686920913268,11620320256.0,47199320000.0,True,,0.2462
SRF.NS,chemicals,2026-09-14T08:37:56.366749+00:00,735798296576,2482.4,34.014797,18.895,,36.195,0.318,0.12715,1.0978162412517198,50827898880.0,140427600000.0,True,,0.36195
SUNDRMFAST.NS,auto,2026-09-14T08:36:46.233436+00:00,269174439936,1281.0,44.050896,26.307,,14.532,0.204,0.09259,1.4276334256521577,6245700096.0,42750400000.0,True,,0.14532
SUNPHARMA.NS,pharma_healthcare,2026-09-14T08:36:47.965710+00:00,4414776016896,1840.0,36.493458,24.899,,5.517,0.105,0.20188999,0.6966620473904,46273200128.0,835700900000.0,True,,0.055170000000000004
SUPREMEIND.NS,capital_goods,2026-09-14T08:37:50.949935+00:00,427553980416,3364.4,41.32154,26.154,,1.473,0.042,0.09115,1.8049641193891461,908400000.0,61690700000.0,True,,0.01473
TATACHEM.NS,chemicals,2026-09-14T08:38:05.253024+00:00,156675112960,615.0,,15.361,,36.081,0.144,-0.14319,0.6789116287843063,80010002432.0,212060000000.0,True,,0.36081
TATACONSUM.NS,fmcg,2026-09-14T08:37:11.235514+00:00,980782743552,991.0,59.879158,35.75,,12.159,0.119,0.078379996,0.9257869065470019,28195100672.0,217875300000.0,True,,0.12159
TATAELXSI.NS,it,2026-09-14T08:35:55.630803+00:00,210759417856,3383.0,32.15474,23.146,,5.336,0.145,0.1674,1.2354495366896179,1622763008.0,30413413000.0,True,,0.053360000000000005
TATAPOWER.NS,energy_power,2026-09-14T08:37:34.253465+00:00,1165180534784,364.65,30.211267,14.379,,168.051,0.056,0.060890004,1.5468184855225389,799033196544.0,394672100000.0,True,,1.68051
TATASTEEL.NS,metals_mining,2026-09-14T08:37:14.965991+00:00,2282799759360,183.0,20.701357,9.192,,89.017,0.143,0.04602,2.2540742593178957,923818983424.0,1021676500000.0,True,,0.8901699999999999
TCS.NS,it,2026-09-14T08:35:41.405164+00:00,7962686914560,2200.8,16.0,10.596,0.47743,10.211,0.139,0.18052,2.4899384558000746,113090002944.0,1072400000000.0,True,,0.10211
TECHM.NS,it,2026-09-14T08:35:44.264917+00:00,1365169012736,1541.0,26.665512,14.113,,7.269,0.177,0.086780004,1.9184410813293085,21862000640.0,296154000000.0,True,,0.07269
THERMAX.NS,capital_goods,2026-09-14T08:37:44.286556+00:00,415955222528,3692.5,70.13295,47.288,,42.166,0.071,0.05474,1.9175869419113978,23525300224.0,55499700000.0,True,,0.42166
TIMKEN.NS,capital_goods,2026-09-14T08:37:54.588198+00:00,248387305472,3302.2,58.137325,37.322,,0.5,0.166,0.118389994,1.187948157106954,145620000.0,29145750000.0,True,,0.005
TITAN.NS,consumer_durables_retail,2026-09-14T08:38:06.964921+00:00,4444991258624,5009.5,76.92721,53.035,,195.001,0.293,0.062319998,5.55976564987582,306210013184.0,157030000000.0,True,,1.95001
TMCV.NS,auto,2026-09-14T08:36:34.069775+00:00,1598698946560,434.1,38.112377,17.579,,44.095,0.193,0.04809,6.5486100204177795,56149999616.0,127340000000.0,True,,0.44095
TMPV.NS,auto,2026-09-14T08:36:33.292559+00:00,1108918665216,301.1,,13.466,,70.364,-0.082,0.22814,2.97482778313167,852310032384.0,1120680000000.0,True,,0.70364
TORNTPHARM.NS,pharma_healthcare,2026-09-14T08:36:54.313152+00:00,1888716718080,4965.5,79.359116,39.455,,85.446,0.548,0.13874,1.63951895646742,150254993408.0,83884300000.0,True,,0.85446
TORNTPOWER.NS,energy_power,2026-09-14T08:37:37.022885+00:00,654066778112,1298.0,28.180634,13.543,,70.885,0.028,0.079629995,1.4998199244783708,139705597952.0,190753300000.0,True,,0.7088500000000001
TRENT.NS,consumer_durables_retail,2026-09-14T08:38:08.683342+00:00,1494330114048,2802.4,82.64229,50.937,,36.034,0.178,0.08637,2.8419498101559415,25612500992.0,69846800000.0,True,,0.36034
TVSMOTOR.NS,auto,2026-09-14T08:36:38.387565+00:00,1960308244480,4125.0,57.140877,26.491,,306.09,0.343,0.05691,4.982265206367462,327910096896.0,95642500000.0,True,,3.0608999999999997
UCOBANK.NS,banking,2026-09-14T08:36:13.880883+00:00,302203371520,24.1,10.711111,,0.08541001,,0.53,0.21541001,0.3708016024806738,248677302272.0,332492247000.0,True,,
ULTRACEMCO.NS,cement,2026-09-14T08:35:35.157687+00:00,3235865952256,11000.0,37.878788,19.518,,29.432,0.159,0.092930004,1.1404265582091353,237550895104.0,766235400000.0,True,,0.29431999999999997
UNIONBANK.NS,banking,2026-09-14T08:36:08.802820+00:00,1359545237504,178.1,6.5865383,,0.15798001,,,0.40460998,0.4405326153885003,,1334472821000.0,True,,
UNITDSPR.NS,fmcg,2026-09-14T08:37:13.170634+00:00,990527291392,1395.0,58.490566,44.893,,4.611,-0.102,0.14917,1.3866860270300458,4129999872.0,89530000000.0,True,,0.04611
UNOMINDA.NS,auto,2026-09-14T08:36:47.056941+00:00,693872099328,1201.6,57.797012,32.569,,37.74,0.238,0.05801,2.838393925239803,27401199616.0,68295700000.0,True,,0.3774
UPL.NS,chemicals,2026-09-14T08:38:00.825418+00:00,484305567744,572.95,23.47194,9.002,,57.128,0.105,0.03825,1.4786430712474061,235759992832.0,346960000000.0,True,,0.57128
VBL.NS,fmcg,2026-09-14T08:37:12.182150+00:00,1408809041920,416.5,41.65,25.434,0.16853,15.869,0.204,0.14035,1.0641462274520315,34835341312.0,195787040000.0,True,,0.15869
VEDL.NS,metals_mining,2026-09-14T08:37:17.561130+00:00,1029696258048,263.7,11.586117,4.372,,48.044,-0.373,0.23205,1.8777889348779113,329469984768.0,408310000000.0,True,,0.48044
VOLTAS.NS,consumer_durables_retail,2026-09-14T08:38:12.424342+00:00,385480720384,1165.0,86.23242,47.803,,15.51,0.187,0.02999,2.2149505740871143,9924800512.0,63762100000.0,True,,0.1551
WELCORP.NS,metals_mining,2026-09-14T08:37:26.498760+00:00,708546068480,2686.9,30.70041,28.732,,25.042,0.149,0.13348,1.770423655134148,23554500608.0,91555600000.0,True,,0.25042000000000003
WHIRLPOOL.NS,consumer_durables_retail,2026-09-14T08:38:16.014710+00:00,96871956480,763.25,38.665146,22.634,,8.621,0.121,0.03013,1.9307702661129058,3586899968.0,41606400000.0,True,,0.08621000000000001
WIPRO.NS,it,2026-09-14T08:35:42.313786+00:00,1656093147136,167.4,13.296267,8.44,0.16128999,27.398,0.106,0.13919,1.046163855029773,212821999616.0,885368000000.0,True,,0.27398
ZEEL.NS,telecom_media,2026-09-14T08:38:22.879047+00:00,76313264128,79.45,37.65403,21.434,,2.26,0.045,0.025139999,0.6894082749450212,2651000064.0,117318000000.0,True,,0.0226
